Arrays for Test: allCollisionOut
Linear Open Addressing Array:
Index    Key Value     Count
0         0            0
1         0            0
2         0            0
3         0            0
4         0            0
5         0            0
6         0            0
7         0            0
8         0            0
9         0            0
10         0            0
11         0            0
12         0            0
13         0            0
14         0            0
15         0            0
16         0            0
17         0            0
18         0            0
19         0            0
20         0            0
21         0            0
22         22            1
23         23            1
24         24            1
25         25            1
26         26            1
27         27            1
28         28            1
29         29            1
30         222            1
31         31            1
32         32            1
33         33            1
34         34            1
35         35            1
36         36            1
37         37            1
38         323            1
39         324            1
40         625            1
41         726            1
42         827            1
43         828            1
44         929            1
45         131            1
46         232            1
47         233            1
48         334            1
49         935            1
50         336            1
51         237            1
52         0            0
53         0            0
54         0            0
55         0            0
56         0            0
57         0            0
58         0            0
59         0            0
60         0            0
61         0            0
62         0            0
63         0            0
64         0            0
65         0            0
66         0            0
67         0            0
68         0            0
69         0            0
70         0            0
71         0            0
72         0            0
73         0            0
74         0            0
75         0            0
76         0            0
77         0            0
78         0            0
79         0            0
80         0            0
81         0            0
82         0            0
83         0            0
84         0            0
85         0            0
86         0            0
87         0            0
88         0            0
89         0            0
90         0            0
91         0            0
92         0            0
93         0            0
94         0            0
95         0            0
96         0            0
97         0            0
98         0            0
99         0            0
