Arrays for Test: hash1000
Linear Open Addressing Array:
Index    Key Value     Count
0         5996            1
1         0            0
2         0            0
3         4003            1
4         0            0
5         0            0
6         2006            1
7         5007            2
8         3008            1
9         8008            1
10         7009            2
11         4006            1
12         8012            1
13         3009            1
14         4014            1
15         5014            1
16         6007            1
17         2017            1
18         6018            1
19         3019            1
20         3020            1
21         8021            1
22         2022            1
23         5019            1
24         7024            1
25         1008            1
26         11            1
27         5027            1
28         7028            1
29         9028            1
30         9030            1
31         1031            1
32         7032            1
33         3033            1
34         8032            1
35         0            0
36         0            0
37         5037            1
38         8038            1
39         38            1
40         3037            1
41         1041            1
42         0            0
43         4043            1
44         1044            1
45         1043            1
46         3045            1
47         6047            1
48         44            1
49         4049            1
50         4044            1
51         3051            1
52         5052            1
53         6053            1
54         1047            1
55         7055            1
56         5056            1
57         6057            1
58         56            1
59         1059            1
60         8058            1
61         7061            1
62         4062            1
63         1057            1
64         0            0
65         2065            1
66         6066            1
67         0            0
68         7068            1
69         2069            1
70         2070            1
71         1071            1
72         0            0
73         73            1
74         9074            1
75         2075            1
76         7076            1
77         7077            1
78         7074            1
79         8079            1
80         2080            1
81         2081            1
82         7082            2
83         2083            1
84         7084            2
85         84            1
86         9079            1
87         4082            1
88         3088            1
89         4089            1
90         4090            1
91         7090            1
92         5089            1
93         93            1
94         6087            1
95         5088            1
96         9073            1
97         2097            1
98         3098            1
99         8099            1
100         2099            1
101         6099            1
102         98            1
103         2077            1
104         8104            1
105         7105            1
106         2106            1
107         7106            1
108         7108            1
109         2109            1
110         1110            1
111         7111            1
112         111            1
113         112            1
114         7114            1
115         9115            1
116         1115            1
117         117            1
118         1117            1
119         8118            1
120         8119            1
121         2111            1
122         3104            1
123         7123            1
124         9090            1
125         125            1
126         4125            1
127         127            1
128         5125            1
129         1092            1
130         4130            1
131         5130            1
132         2132            1
133         3133            1
134         134            1
135         3135            1
136         6130            1
137         7097            1
138         138            1
139         8139            1
140         9089            1
141         1106            1
142         1142            1
143         5143            1
144         4144            1
145         5145            1
146         3146            1
147         9145            1
148         6147            1
149         5148            1
150         150            1
151         2151            2
152         9152            1
153         2153            1
154         8153            1
155         155            1
156         7156            1
157         156            1
158         4150            1
159         4159            1
160         9159            1
161         1161            1
162         3160            1
163         4086            1
164         136            1
165         4165            1
166         165            1
167         6165            1
168         166            1
169         8169            1
170         1170            1
171         8168            1
172         172            1
173         0            0
174         0            0
175         0            0
176         0            0
177         1177            1
178         8177            1
179         0            0
180         7180            1
181         9181            1
182         1181            1
183         2180            1
184         7184            1
185         181            1
186         9186            1
187         186            1
188         0            0
189         5189            1
190         2189            3
191         3191            1
192         1191            1
193         193            2
194         3192            1
195         6190            1
196         4196            1
197         2194            1
198         2198            1
199         1198            1
200         9200            1
201         2201            1
202         6202            1
203         203            1
204         204            1
205         202            1
206         206            1
207         9207            1
208         8206            2
209         4209            1
210         2210            1
211         5211            1
212         4211            1
213         1213            1
214         2214            1
215         215            1
216         4216            1
217         2217            1
218         1218            1
219         214            1
220         8220            1
221         220            1
222         1222            1
223         4222            1
224         1214            1
225         2206            1
226         8226            1
227         2227            1
228         2209            1
229         5229            1
230         1230            1
231         7231            1
232         7232            1
233         7229            2
234         8233            1
235         235            1
236         1235            1
237         5236            1
238         9233            1
239         3239            1
240         3240            1
241         8240            1
242         9242            1
243         5243            1
244         8232            1
245         2230            1
246         5246            1
247         246            2
248         4248            1
249         9234            1
250         3246            1
251         251            2
252         7251            1
253         1240            1
254         4235            1
255         6255            1
256         5256            1
257         3257            1
258         7255            1
259         1259            1
260         6260            1
261         7261            1
262         6262            1
263         261            1
264         264            1
265         2261            1
266         7266            1
267         1266            1
268         1267            1
269         3269            2
270         9270            1
271         6269            1
272         2270            1
273         6273            1
274         3271            1
275         275            2
276         9276            1
277         2276            1
278         9278            1
279         2275            1
280         1280            1
281         2249            1
282         2282            1
283         2245            1
284         284            1
285         3285            1
286         3244            1
287         7287            1
288         5287            2
289         4289            1
290         2287            1
291         6288            1
292         287            1
293         293            1
294         2293            1
295         7294            1
296         5290            1
297         257            1
298         2298            1
299         299            1
300         4298            1
301         9301            1
302         9302            1
303         3303            1
304         6298            1
305         5305            1
306         302            1
307         5307            1
308         7308            1
309         1309            1
310         5310            1
311         2309            1
312         2312            2
313         313            1
314         3314            1
315         4311            1
316         1314            1
317         1299            1
318         8318            1
319         1319            1
320         7318            1
321         8305            1
322         1322            1
323         323            1
324         3324            1
325         3323            1
326         9324            1
327         325            1
328         5327            1
329         1328            1
330         8330            1
331         8331            1
332         9331            1
333         1332            2
334         2331            1
335         6330            1
336         8333            1
337         5337            1
338         1311            1
339         2339            1
340         7334            1
341         2341            1
342         3342            1
343         342            1
344         1343            1
345         341            1
346         346            1
347         5347            1
348         1347            1
349         1349            2
350         3305            1
351         3351            1
352         5257            1
353         309            1
354         8354            1
355         3354            1
356         2354            1
357         3356            1
358         2358            1
359         5359            1
360         360            1
361         3360            1
362         2361            1
363         3363            1
364         5364            1
365         6274            1
366         7366            1
367         3367            1
368         4368            1
369         3369            1
370         6367            1
371         8369            1
372         2367            1
373         9373            1
374         3370            1
375         8264            1
376         7324            1
377         4377            1
378         5241            1
379         8379            2
380         1380            1
381         6379            1
382         7379            1
383         4383            1
384         3381            1
385         5380            1
386         9382            1
387         387            1
388         3388            1
389         6387            1
390         390            1
391         3389            1
392         6388            1
393         4393            1
394         3357            1
395         1395            1
396         5396            1
397         4397            1
398         5397            1
399         6397            1
400         3400            1
401         2401            1
402         6402            1
403         4403            1
404         3404            1
405         6405            1
406         1406            1
407         9406            1
408         1397            1
409         6409            1
410         410            1
411         8411            1
412         1232            1
413         3221            1
414         5316            1
415         7415            1
416         362            1
417         9297            1
418         6418            1
419         7419            1
420         7291            1
421         9421            1
422         8391            1
423         7423            1
424         1424            1
425         1425            1
426         6426            1
427         4425            1
428         5428            1
429         8429            1
430         7429            1
431         7426            1
432         5432            1
433         9424            1
434         1434            1
435         4429            1
436         8436            1
437         3436            1
438         1438            1
439         8439            1
440         5439            1
441         1441            1
442         5441            1
443         5376            1
444         7444            1
445         1445            1
446         2446            2
447         5446            1
448         5448            1
449         3449            1
450         8445            1
451         9218            1
452         9452            1
453         1228            1
454         1296            1
455         9257            1
456         1456            1
457         6301            1
458         5416            1
459         7459            1
460         2459            1
461         6227            1
462         7462            1
463         463            1
464         5462            1
465         8465            1
466         2463            1
467         6194            1
468         4468            1
469         2469            1
470         6469            2
471         6468            1
472         6242            1
473         0            0
474         0            0
475         1475            1
476         6476            1
477         477            1
478         2477            1
479         479            1
480         480            1
481         9477            1
482         5482            2
483         9483            1
484         3483            1
485         1484            1
486         2486            1
487         8483            1
488         483            1
489         475            1
490         0            0
491         4491            1
492         6492            1
493         1491            1
494         5494            1
495         0            0
496         0            0
497         0            0
498         3498            1
499         7499            1
500         3500            1
501         501            1
502         6500            1
503         9498            1
504         9502            1
505         2505            1
506         3506            1
507         5499            1
508         2508            1
509         9508            1
510         5510            1
511         3508            1
512         2512            2
513         512            1
514         7513            1
515         1510            1
516         8516            1
517         4517            1
518         3516            1
519         6509            1
520         7516            1
521         4510            1
522         3522            1
523         4523            1
524         8523            1
525         510            1
526         0            0
527         0            0
528         5528            1
529         7529            1
530         5529            1
531         6530            1
532         8532            1
533         8528            1
534         8534            1
535         5535            1
536         7535            1
537         4534            1
538         3530            1
539         531            1
540         0            0
541         4541            1
542         3542            1
543         6541            1
544         542            1
545         3545            1
546         2546            1
547         7547            1
548         1547            1
549         0            0
550         4550            1
551         7551            1
552         2551            1
553         6553            1
554         9551            1
555         3555            1
556         1556            1
557         5557            1
558         5556            1
559         4559            1
560         9555            1
561         3559            1
562         4553            1
563         557            1
564         5564            1
565         3565            1
566         8566            1
567         5567            1
568         2567            1
569         568            1
570         567            2
571         4571            1
572         4572            1
573         573            1
574         5571            1
575         575            1
576         8576            1
577         5577            1
578         8578            2
579         579            1
580         9576            1
581         1579            1
582         3582            1
583         4583            1
584         3576            1
585         585            1
586         6582            1
587         6575            1
588         8575            1
589         1589            1
590         1584            1
591         2591            1
592         4580            1
593         8593            1
594         593            1
595         2595            1
596         1595            2
597         597            1
598         596            1
599         4597            1
600         5594            1
601         6601            1
602         5602            1
603         601            1
604         2604            1
605         1605            1
606         8602            1
607         4607            1
608         4600            1
609         2590            1
610         6610            1
611         5591            1
612         4612            1
613         9613            1
614         613            1
615         6565            1
616         1616            1
617         617            1
618         6618            1
619         9618            1
620         9620            1
621         8621            1
622         7621            1
623         4623            1
624         4624            1
625         4620            1
626         9623            1
627         6627            1
628         4628            1
629         6629            1
630         9628            2
631         4627            1
632         1629            1
633         6620            1
634         7634            1
635         3617            1
636         8583            1
637         1577            1
638         9638            1
639         5581            1
640         3583            1
641         3641            1
642         3642            1
643         6643            1
644         4644            1
645         6644            1
646         2642            1
647         9584            1
648         5648            1
649         2649            1
650         8612            1
651         5651            1
652         6652            1
653         3602            1
654         3654            1
655         2655            1
656         7655            1
657         2657            1
658         8658            1
659         9659            1
660         3657            1
661         2660            1
662         662            1
663         7663            1
664         9664            2
665         663            1
666         5663            1
667         9667            1
668         8668            1
669         2662            1
670         6670            1
671         671            1
672         8618            1
673         673            1
674         6674            1
675         1674            1
676         2676            1
677         8674            1
678         5676            1
679         7679            1
680         6677            1
681         4681            1
682         9682            1
683         2682            1
684         6684            1
685         4685            1
686         685            1
687         7685            2
688         688            1
689         2684            1
690         2687            1
691         5691            1
692         1687            1
693         3693            1
694         3694            1
695         694            1
696         6695            1
697         7697            1
698         1697            1
699         1699            1
700         1700            2
701         5701            1
702         3702            1
703         9702            1
704         9699            1
705         702            1
706         9706            1
707         701            1
708         7708            1
709         2709            1
710         710            1
711         1709            1
712         7712            1
713         8713            1
714         8714            1
715         9715            1
716         5716            1
717         8717            1
718         712            1
719         7718            1
720         7720            1
721         4721            1
722         721            1
723         8708            1
724         6724            1
725         8725            1
726         7726            1
727         7727            1
728         3728            1
729         2729            1
730         7721            1
731         4708            1
732         732            1
733         6718            1
734         2723            1
735         1714            1
736         6736            1
737         3721            1
738         7694            1
739         2739            1
740         1740            1
741         1741            1
742         9742            1
743         4729            1
744         733            1
745         4690            1
746         1689            1
747         8695            1
748         7748            1
749         4749            1
750         6750            1
751         8751            1
752         749            1
753         5751            1
754         9748            1
755         7755            1
756         2754            1
757         2749            1
758         4758            2
759         8759            1
760         5759            1
761         761            1
762         2760            1
763         9760            1
764         3756            1
765         765            1
766         5765            1
767         1718            1
768         8768            1
769         3769            1
770         770            2
771         4770            1
772         772            1
773         2769            1
774         3772            1
775         9775            1
776         776            1
777         771            1
778         8776            1
779         779            1
780         5780            1
781         3779            1
782         1782            1
783         1783            1
784         8775            1
785         9785            1
786         6660            1
787         1787            1
788         3787            1
789         3789            1
790         6787            2
791         4791            1
792         7788            1
793         6789            1
794         788            1
795         2790            1
796         794            1
797         797            1
798         6797            1
799         3799            1
800         2788            1
801         8574            1
802         9778            1
803         803            1
804         7714            1
805         5805            1
806         2805            1
807         3807            1
808         7808            1
809         2809            1
810         1810            1
811         1808            1
812         812            1
813         8811            1
814         7814            1
815         6815            1
816         3816            1
817         9817            1
818         6818            1
819         9816            1
820         8812            1
821         0            0
822         0            0
823         4823            1
824         0            0
825         1825            1
826         3826            1
827         5827            1
828         0            0
829         0            0
830         9830            1
831         3831            1
832         5831            1
833         1833            1
834         6832            1
835         0            0
836         1836            1
837         2836            1
838         7838            1
839         4839            1
840         6839            1
841         0            0
842         5842            1
843         843            1
844         1844            1
845         7845            2
846         6846            1
847         8847            1
848         848            1
849         849            1
850         4848            1
851         1850            1
852         3845            1
853         7848            1
854         0            0
855         4855            1
856         2856            1
857         1856            1
858         857            1
859         6859            1
860         860            1
861         7861            1
862         6862            1
863         1861            1
864         1859            1
865         2865            1
866         866            1
867         9859            1
868         2862            1
869         4869            1
870         2858            1
871         7871            1
872         870            1
873         2873            1
874         5874            1
875         5875            1
876         2876            1
877         5877            1
878         2878            1
879         8863            1
880         7863            1
881         6881            1
882         5882            1
883         1883            2
884         8882            1
885         3884            1
886         8884            1
887         2884            1
888         7888            1
889         4888            1
890         8890            1
891         6891            1
892         5892            1
893         7893            1
894         4891            1
895         6895            1
896         8895            1
897         4894            1
898         3895            1
899         5890            1
900         7900            1
901         5889            1
902         1894            3
903         6903            1
904         8904            1
905         3892            1
906         906            1
907         2901            1
908         3908            1
909         5909            2
910         910            1
911         8910            1
912         912            2
913         5912            1
914         9914            2
915         4914            1
916         3913            1
917         7914            1
918         4918            1
919         2919            1
920         3919            1
921         9920            1
922         9922            1
923         5913            1
924         5924            1
925         4925            1
926         9925            1
927         3927            1
928         2926            1
929         3925            1
930         4930            1
931         7931            1
932         1923            1
933         4933            1
934         9933            2
935         9935            1
936         2933            1
937         2934            1
938         1938            1
939         935            1
940         1932            1
941         0            0
942         1942            1
943         8942            1
944         0            0
945         0            0
946         7946            1
947         2946            1
948         0            0
949         1949            1
950         950            2
951         6949            2
952         0            0
953         2953            1
954         1954            1
955         955            1
956         0            0
957         6957            1
958         2958            1
959         0            0
960         960            1
961         0            0
962         0            0
963         5963            1
964         1963            1
965         4964            1
966         965            1
967         1967            1
968         6967            1
969         7964            2
970         6970            1
971         3970            1
972         4972            1
973         5968            1
974         6974            1
975         7969            1
976         968            1
977         7977            1
978         8978            1
979         977            1
980         7968            1
981         9981            1
982         9982            1
983         5982            1
984         7980            1
985         4968            1
986         9986            1
987         5987            1
988         8988            1
989         7987            1
990         2987            1
991         2990            1
992         5986            1
993         6976            1
994         0            0
995         3995            1
996         5995            1
997         8997            1
998         4997            1
999         7999            1
