Arrays for Test: noCollisionOut
Linear Open Addressing Array:
Index    Key Value     Count
0         0            0
1         0            0
2         0            0
3         0            0
4         0            0
5         0            0
6         0            0
7         0            0
8         0            0
9         0            0
10         0            0
11         111            1
12         212            1
13         313            1
14         514            1
15         115            1
16         0            0
17         117            1
18         118            1
19         0            0
20         0            0
21         221            1
22         322            1
23         0            0
24         0            0
25         0            0
26         0            0
27         0            0
28         0            0
29         0            0
30         0            0
31         0            0
32         0            0
33         0            0
34         0            0
35         0            0
36         0            0
37         0            0
38         0            0
39         0            0
40         0            0
41         0            0
42         0            0
43         0            0
44         344            1
45         345            1
46         346            1
47         347            1
48         448            1
49         0            0
50         0            0
51         0            0
52         0            0
53         0            0
54         0            0
55         0            0
56         0            0
57         0            0
58         0            0
59         0            0
60         0            0
61         0            0
62         162            1
63         663            1
64         664            1
65         665            1
66         0            0
67         0            0
68         0            0
69         0            0
70         0            0
71         171            1
72         172            1
73         273            1
74         474            1
75         0            0
76         576            1
77         0            0
78         0            0
79         579            1
80         0            0
81         0            0
82         0            0
83         0            0
84         0            0
85         0            0
86         0            0
87         0            0
88         0            0
89         0            0
90         890            1
91         891            1
92         792            1
93         793            1
94         0            0
95         795            1
96         0            0
97         0            0
98         0            0
99         499            1
