Arrays for Test: overflowChain
Linear Open Addressing Array:
Index    Key Value     Count
0         7098            1
1         3601            1
2         202            1
3         1603            1
4         2704            1
5         8305            1
6         3705            1
7         1007            1
8         9106            1
9         1509            1
10         9800            1
11         111            1
12         3812            1
13         6313            1
14         3314            1
15         5715            1
16         5316            1
17         7307            1
18         5705            1
19         2519            1
20         5607            1
21         2616            1
22         7122            1
23         9323            1
24         5924            1
25         8925            1
26         1824            1
27         9527            1
28         4720            1
29         1029            1
30         1530            1
31         5731            1
32         30            1
33         6633            1
34         1134            1
35         2333            1
36         974            1
37         4637            1
38         3338            1
39         3539            1
40         4940            1
41         1141            1
42         2541            1
43         750            1
44         1644            1
45         6545            1
46         7574            1
47         347            1
48         4147            1
49         9849            1
50         6550            1
51         7351            1
52         6852            1
53         7852            1
54         8554            1
55         7652            1
56         856            1
57         9056            1
58         8358            1
59         4156            1
60         8048            1
61         5961            1
62         3554            1
63         2563            1
64         4964            1
65         3662            1
66         1150            1
67         3062            1
68         6768            1
69         849            1
70         6370            1
71         7871            1
72         3270            1
73         8073            1
74         7573            1
75         2375            1
76         3471            1
77         1177            1
78         4177            1
79         6479            1
80         5574            1
81         8881            1
82         5682            1
83         9583            1
84         282            1
85         5583            1
86         86            1
87         3087            1
88         7685            1
89         7389            1
90         8075            1
91         3791            1
92         2475            1
93         9063            1
94         472            1
95         2453            1
96         996            1
97         9884            1
98         3898            1
99         5398            1
