Arrays for Test: overfillChain
Chained Overflow Main Array:
Index    Key Value     Count
0         2300            1            25
1         7101            1            -1
2         8502            1            7
3         0            0            -1
4         0            0            -1
5         0            0            -1
6         2706            1            31
7         0            0            -1
8         0            0            -1
9         7809            1            -1
10         1910            1            -1
11         6011            1            -1
12         9612            1            -1
13         7513            1            4
14         0            0            -1
15         6115            1            24
16         0            0            -1
17         1617            1            18
18         918            1            26
19         6919            1            32
20         0            0            -1
21         821            1            -1
22         0            0            -1
23         0            0            -1
24         8024            1            23
25         3725            1            -1
26         0            0            -1
27         4127            1            21
28         0            0            -1
29         29            1            -1
30         8430            1            10
31         8931            1            -1
32         0            0            -1
33         2433            1            -1
34         4934            1            -1
35         735            1            15
36         4536            1            3
37         0            0            -1
38         4938            1            2
39         1639            1            36
40         0            0            -1
41         2441            1            0
42         0            0            -1
43         1143            1            -1
44         8844            1            -1
45         8945            1            -1
46         8746            1            -1
47         0            0            -1
48         0            0            -1
49         5649            1            -1
50         0            0            -1
51         0            0            -1
52         0            0            -1
53         9753            1            -1
54         8754            1            -1
55         0            0            -1
56         0            0            -1
57         857            1            -1
58         0            0            -1
59         2759            1            34
60         5460            1            30
61         0            0            -1
62         3562            1            6
63         5263            1            -1
64         6064            1            -1
65         3565            1            -1
66         0            0            -1
67         1267            1            17
68         0            0            -1
69         0            0            -1
70         1070            1            33
71         4471            1            -1
72         5072            1            8
73         0            0            -1
74         7874            1            -1
75         0            0            -1
76         5676            1            -1
77         6977            1            -1
78         8178            1            -1
79         8279            1            5
80         5780            1            1
81         0            0            -1
82         0            0            -1
83         6883            1            -1
84         0            0            -1
85         7685            1            22
86         9886            1            -1
87         687            1            12
88         1188            1            27
89         0            0            -1
90         0            0            -1
91         0            0            -1
92         0            0            -1
93         0            0            -1
94         0            0            -1
95         2395            1            -1
96         9896            1            9
97         4097            1            -1
98         4798            1            16
99         0            0            -1
-------------------------------------------------------------------------------------------------------------------------------------------------Chained Overflow OVERFLOW Array:
Index    Key Value     Count
0         4341            1            -1
1         5380            1            -1
2         3538            1            -1
3         5436            1            -1
4         9913            1            13
5         3079            1            19
6         2262            1            -1
7         502            1            14
8         3272            1            11
9         4996            1            29
10         4430            1            39
11         1472            1            -1
12         3187            1            20
13         3813            1            -1
14         3802            1            -1
15         5535            1            -1
16         998            1            -1
17         9667            1            -1
18         5417            1            -1
19         5679            1            -1
20         6687            1            -1
21         3127            1            -1
22         9885            1            -1
23         2124            1            -1
24         4715            1            28
25         4100            1            -1
26         218            1            -1
27         3988            1            -1
28         5915            1            -1
29         7496            1            35
30         3160            1            -1
31         9106            1            -1
32         619            1            -1
33         1870            1            -1
34         4259            1            37
35         9596            1            38
36         2939            1            -1
37         2959            1            -1
38         5896            1            -1
39         4730            1            -1
40         0            0            -1
41         0            0            -1
42         0            0            -1
43         0            0            -1
44         0            0            -1
45         0            0            -1
46         0            0            -1
47         0            0            -1
48         0            0            -1
49         0            0            -1
50         0            0            -1
51         0            0            -1
52         0            0            -1
53         0            0            -1
54         0            0            -1
55         0            0            -1
56         0            0            -1
57         0            0            -1
58         0            0            -1
59         0            0            -1
60         0            0            -1
61         0            0            -1
62         0            0            -1
63         0            0            -1
64         0            0            -1
65         0            0            -1
66         0            0            -1
67         0            0            -1
68         0            0            -1
69         0            0            -1
70         0            0            -1
71         0            0            -1
72         0            0            -1
73         0            0            -1
74         0            0            -1
75         0            0            -1
76         0            0            -1
77         0            0            -1
78         0            0            -1
79         0            0            -1
80         0            0            -1
81         0            0            -1
82         0            0            -1
83         0            0            -1
84         0            0            -1
85         0            0            -1
86         0            0            -1
87         0            0            -1
88         0            0            -1
89         0            0            -1
90         0            0            -1
91         0            0            -1
92         0            0            -1
93         0            0            -1
94         0            0            -1
95         0            0            -1
96         0            0            -1
97         0            0            -1
98         0            0            -1
99         0            0            -1
