Arrays for Test: overflowChain
Chained Overflow Main Array:
Index    Key Value     Count
0         9800            1            41
1         3601            1            -1
2         202            1            33
3         1603            1            35
4         2704            1            -1
5         8305            1            4
6         9106            1            -1
7         1007            1            18
8         2208            1            59
9         1509            1            46
10         0            0            -1
11         111            1            52
12         3812            1            44
13         6313            1            91
14         3314            1            -1
15         5715            1            79
16         5316            1            27
17         0            0            -1
18         0            0            -1
19         2519            1            82
20         4720            1            -1
21         6021            1            -1
22         7122            1            -1
23         9323            1            -1
24         5924            1            14
25         8925            1            -1
26         0            0            -1
27         9527            1            51
28         0            0            -1
29         1029            1            89
30         1530            1            17
31         5731            1            98
32         0            0            -1
33         6633            1            16
34         1134            1            -1
35         1335            1            54
36         0            0            -1
37         4637            1            -1
38         3338            1            47
39         3539            1            66
40         4940            1            -1
41         1141            1            28
42         0            0            -1
43         0            0            -1
44         1644            1            74
45         6545            1            53
46         946            1            -1
47         347            1            2
48         8048            1            81
49         9849            1            23
50         6550            1            20
51         7351            1            90
52         6852            1            7
53         2453            1            -1
54         8554            1            15
55         0            0            -1
56         856            1            0
57         0            0            -1
58         8358            1            -1
59         0            0            -1
60         1060            1            -1
61         5961            1            -1
62         3662            1            22
63         2563            1            25
64         4964            1            -1
65         2165            1            83
66         7866            1            -1
67         0            0            -1
68         6768            1            93
69         0            0            -1
70         6370            1            9
71         7871            1            13
72         472            1            96
73         8073            1            5
74         5574            1            29
75         2375            1            19
76         0            0            -1
77         1177            1            8
78         2478            1            -1
79         6479            1            73
80         0            0            -1
81         8881            1            80
82         5682            1            3
83         9583            1            6
84         9884            1            -1
85         7685            1            -1
86         86            1            34
87         3087            1            -1
88         0            0            -1
89         7389            1            -1
90         0            0            -1
91         3791            1            85
92         992            1            -1
93         0            0            -1
94         8994            1            -1
95         0            0            -1
96         996            1            76
97         0            0            -1
98         3898            1            10
99         2899            1            84
-------------------------------------------------------------------------------------------------------------------------------------------------Chained Overflow OVERFLOW Array:
Index    Key Value     Count
0         9056            1            1
1         4156            1            65
2         4147            1            -1
3         282            1            42
4         3705            1            24
5         7573            1            60
6         5583            1            67
7         7852            1            12
8         4177            1            -1
9         3270            1            57
10         5398            1            11
11         7098            1            -1
12         7652            1            -1
13         3471            1            45
14         1824            1            36
15         3554            1            39
16         2333            1            -1
17         30            1            87
18         7307            1            26
19         8075            1            21
20         1150            1            30
21         2475            1            43
22         3062            1            -1
23         849            1            48
24         5705            1            38
25         9063            1            40
26         5607            1            -1
27         2616            1            50
28         2541            1            -1
29         974            1            31
30         750            1            32
31         7574            1            -1
32         450            1            -1
33         7202            1            56
34         1986            1            -1
35         2403            1            37
36         624            1            -1
37         2603            1            -1
38         9205            1            77
39         954            1            64
40         4763            1            -1
41         200            1            49
42         9282            1            -1
43         2975            1            55
44         3712            1            58
45         5271            1            -1
46         6809            1            92
47         8338            1            72
48         8649            1            -1
49         7100            1            -1
50         3916            1            94
51         527            1            -1
52         811            1            -1
53         8245            1            -1
54         9435            1            -1
55         7275            1            -1
56         8102            1            62
57         9670            1            70
58         7112            1            68
59         5008            1            61
60         5173            1            63
61         2508            1            -1
62         302            1            71
63         1873            1            69
64         6254            1            -1
65         2056            1            86
66         439            1            -1
67         7683            1            78
68         3112            1            -1
69         5773            1            75
70         9870            2            -1
71         2102            1            -1
72         5638            1            -1
73         3779            1            -1
74         2244            1            -1
75         1173            1            -1
76         8196            1            97
77         9405            1            -1
78         7583            1            -1
79         3815            1            -1
80         681            1            -1
81         48            1            95
82         9719            1            -1
83         9265            1            -1
84         1699            1            -1
85         3291            1            -1
86         1256            1            -1
87         4930            1            88
88         4230            1            -1
89         2229            1            -1
90         5251            1            -1
91         1813            1            -1
92         4509            1            -1
93         4068            1            -1
94         7816            1            -1
95         1648            1            -1
96         8372            1            -1
97         396            1            99
98         1231            1            -1
99         9296            1            -1
