Arrays for Test: overfill
Linear Open Addressing Array:
Index    Key Value     Count
0         4497            1
1         2299            1
2         8689            1
3         5403            1
4         3604            1
5         1003            1
6         0            0
7         3507            1
8         708            1
9         2008            1
10         1808            1
11         2211            1
12         2811            1
13         111            1
14         3908            1
15         8915            1
16         7316            1
17         3617            1
18         4011            1
19         6511            1
20         4414            1
21         6021            1
22         5222            1
23         6722            1
24         4624            1
25         1422            1
26         4126            1
27         8822            1
28         1028            1
29         4123            1
30         5224            1
31         6029            1
32         2629            1
33         8825            1
34         3434            1
35         7835            1
36         9836            1
37         3935            1
38         838            1
39         3039            1
40         5439            1
41         7941            1
42         2741            1
43         6843            1
44         4643            1
45         6141            1
46         6546            1
47         8428            1
48         6435            1
49         149            1
50         6849            1
51         3551            1
52         1151            1
53         53            1
54         450            1
55         2640            1
56         7256            1
57         3357            1
58         1257            1
59         5721            1
60         9160            1
61         6461            1
62         9562            1
63         2362            1
64         7664            1
65         1550            1
66         4666            1
67         6345            1
68         8768            1
69         5028            1
70         6170            1
71         5970            1
72         1672            1
73         1373            1
74         1273            1
75         6875            1
76         2676            1
77         1821            1
78         563            1
79         2179            1
80         7280            1
81         617            1
82         8230            1
83         6165            1
84         2984            1
85         8685            1
86         7985            1
87         7087            1
88         6687            1
89         6089            1
90         4590            1
91         3390            1
92         8491            1
93         4093            2
94         9694            1
95         4693            1
96         4794            1
97         2097            1
98         9795            1
99         899            1
