Arrays for Test: overfill
Chained Overflow Main Array:
Index    Key Value     Count
0         0            0            -1
1         0            0            -1
2         0            0            -1
3         5403            1            24
4         3604            1            -1
5         0            0            -1
6         0            0            -1
7         3507            1            -1
8         708            1            3
9         0            0            -1
10         0            0            -1
11         2211            1            5
12         0            0            -1
13         0            0            -1
14         4414            1            -1
15         8915            1            -1
16         7316            1            -1
17         3617            1            38
18         0            0            -1
19         0            0            -1
20         0            0            -1
21         6021            1            32
22         5222            1            2
23         4123            1            -1
24         4624            1            17
25         8825            1            -1
26         4126            1            -1
27         0            0            -1
28         1028            1            26
29         6029            1            21
30         8230            1            -1
31         0            0            -1
32         0            0            -1
33         0            0            -1
34         3434            1            -1
35         7835            1            11
36         9836            1            -1
37         0            0            -1
38         838            1            -1
39         3039            1            23
40         2640            1            -1
41         7941            1            8
42         0            0            -1
43         6843            1            13
44         0            0            -1
45         6345            1            -1
46         6546            1            -1
47         0            0            -1
48         0            0            -1
49         149            1            4
50         450            1            33
51         3551            1            7
52         0            0            -1
53         53            1            -1
54         0            0            -1
55         0            0            -1
56         7256            1            -1
57         3357            1            20
58         0            0            -1
59         0            0            -1
60         9160            1            -1
61         6461            1            -1
62         9562            1            19
63         563            1            -1
64         7664            1            -1
65         6165            1            -1
66         4666            1            -1
67         0            0            -1
68         8768            1            -1
69         0            0            -1
70         6170            1            31
71         0            0            -1
72         1672            1            -1
73         1373            1            30
74         0            0            -1
75         6875            1            -1
76         2676            1            -1
77         0            0            -1
78         0            0            -1
79         2179            1            -1
80         7280            1            -1
81         0            0            -1
82         0            0            -1
83         0            0            -1
84         2984            1            -1
85         8685            1            10
86         0            0            -1
87         7087            1            9
88         0            0            -1
89         6089            1            36
90         4590            1            12
91         8491            1            -1
92         0            0            -1
93         4093            2            0
94         9694            1            1
95         9795            1            -1
96         0            0            -1
97         2097            1            14
98         0            0            -1
99         899            1            34
-------------------------------------------------------------------------------------------------------------------------------------------------Chained Overflow OVERFLOW Array:
Index    Key Value     Count
0         4693            1            -1
1         4794            1            -1
2         6722            1            6
3         2008            1            16
4         6849            1            -1
5         2811            1            22
6         1422            1            15
7         1151            1            -1
8         2741            1            18
9         6687            1            -1
10         7985            1            -1
11         3935            1            28
12         3390            1            -1
13         4643            1            -1
14         4497            1            -1
15         8822            1            -1
16         1808            1            25
17         5224            1            -1
18         6141            1            -1
19         2362            1            -1
20         1257            1            -1
21         2629            1            -1
22         111            1            27
23         5439            1            -1
24         1003            1            -1
25         3908            1            -1
26         8428            1            35
27         4011            1            29
28         6435            1            -1
29         6511            1            -1
30         1273            1            -1
31         5970            1            -1
32         5721            1            37
33         1550            1            -1
34         2299            1            -1
35         5028            1            -1
36         8689            1            -1
37         1821            1            -1
38         617            1            -1
39         0            0            -1
40         0            0            -1
41         0            0            -1
42         0            0            -1
43         0            0            -1
44         0            0            -1
45         0            0            -1
46         0            0            -1
47         0            0            -1
48         0            0            -1
49         0            0            -1
50         0            0            -1
51         0            0            -1
52         0            0            -1
53         0            0            -1
54         0            0            -1
55         0            0            -1
56         0            0            -1
57         0            0            -1
58         0            0            -1
59         0            0            -1
60         0            0            -1
61         0            0            -1
62         0            0            -1
63         0            0            -1
64         0            0            -1
65         0            0            -1
66         0            0            -1
67         0            0            -1
68         0            0            -1
69         0            0            -1
70         0            0            -1
71         0            0            -1
72         0            0            -1
73         0            0            -1
74         0            0            -1
75         0            0            -1
76         0            0            -1
77         0            0            -1
78         0            0            -1
79         0            0            -1
80         0            0            -1
81         0            0            -1
82         0            0            -1
83         0            0            -1
84         0            0            -1
85         0            0            -1
86         0            0            -1
87         0            0            -1
88         0            0            -1
89         0            0            -1
90         0            0            -1
91         0            0            -1
92         0            0            -1
93         0            0            -1
94         0            0            -1
95         0            0            -1
96         0            0            -1
97         0            0            -1
98         0            0            -1
99         0            0            -1
