Arrays for Test: overfillChain
Linear Open Addressing Array:
Index    Key Value     Count
0         2300            1
1         7101            1
2         8502            1
3         502            1
4         3802            1
5         4100            1
6         2706            1
7         7496            1
8         9106            1
9         7809            1
10         1910            1
11         6011            1
12         9612            1
13         7513            1
14         9913            1
15         6115            1
16         3813            1
17         1617            1
18         918            1
19         6919            1
20         5417            1
21         821            1
22         4715            1
23         218            1
24         8024            1
25         2124            1
26         5915            1
27         4127            1
28         3127            1
29         29            1
30         8430            1
31         8931            1
32         4430            1
33         2433            1
34         4934            1
35         735            1
36         4536            1
37         5436            1
38         4938            1
39         3538            1
40         5535            1
41         2441            1
42         4341            1
43         1143            1
44         619            1
45         8945            1
46         8746            1
47         8844            1
48         1639            1
49         5649            1
50         9596            1
51         2939            1
52         3725            1
53         9753            1
54         8754            1
55         4097            1
56         5896            1
57         857            1
58         4730            1
59         2759            1
60         5460            1
61         3160            1
62         3562            1
63         5263            1
64         6064            1
65         2262            1
66         3565            1
67         1267            1
68         9667            1
69         4259            1
70         1070            1
71         4471            1
72         5072            1
73         3272            1
74         1472            1
75         7874            1
76         5676            1
77         6977            1
78         8178            1
79         8279            1
80         5780            1
81         5380            1
82         3079            1
83         6883            1
84         5679            1
85         7685            1
86         9886            1
87         687            1
88         3187            1
89         1188            1
90         6687            1
91         9885            1
92         3988            1
93         1870            1
94         2959            1
95         2395            1
96         9896            1
97         4996            1
98         4798            1
99         998            1
