Arrays for Test: overfil
Linear Open Addressing Array:
Index    Key Value     Count
0         1200            1
1         3300            1
2         8002            1
3         1303            1
4         7503            1
5         2105            1
6         1806            1
7         6206            1
8         9208            1
9         8207            1
10         2210            1
11         5810            1
12         2412            1
13         2812            1
14         9614            1
15         4912            1
16         916            1
17         9117            1
18         9805            1
19         1419            1
20         4319            1
21         1721            1
22         3222            1
23         4023            1
24         521            1
25         5619            1
26         8325            1
27         1627            1
28         6695            1
29         6129            1
30         1430            1
31         5031            1
32         5532            1
33         4329            1
34         6331            1
35         8703            1
36         2436            1
37         7412            1
38         2638            1
39         2239            1
40         940            1
41         7540            1
42         3942            1
43         4242            1
44         244            1
45         4545            1
46         4942            1
47         5445            1
48         448            1
49         6349            1
50         1950            1
51         5451            1
52         8651            1
53         9553            1
54         9453            1
55         8455            1
56         2352            1
57         8853            1
58         2150            1
59         4059            1
60         2042            1
61         8847            1
62         7845            1
63         263            1
64         5655            1
65         265            1
66         2438            1
67         1367            1
68         9968            1
69         8369            1
70         3768            1
71         6771            1
72         5272            1
73         4142            1
74         7774            1
75         7475            1
76         1076            1
77         2539            1
78         6778            1
79         178            1
80         2780            1
81         380            1
82         9079            1
83         7483            1
84         9183            1
85         7384            1
86         9384            1
87         7187            1
88         5988            1
89         5780            1
90         9797            1
91         3510            1
92         2069            1
93         8597            1
94         1694            1
95         5095            1
96         7696            1
97         197            1
98         9296            1
99         6399            1
