Arrays for Test: overfil
Chained Overflow Main Array:
Index    Key Value     Count
0         1200            1            17
1         0            0            -1
2         8002            1            -1
3         1303            1            2
4         0            0            -1
5         2105            1            28
6         1806            1            5
7         8207            1            -1
8         9208            1            -1
9         0            0            -1
10         2210            1            1
11         0            0            -1
12         2412            1            7
13         0            0            -1
14         9614            1            -1
15         0            0            -1
16         916            1            -1
17         9117            1            -1
18         0            0            -1
19         1419            1            9
20         0            0            -1
21         1721            1            11
22         3222            1            -1
23         4023            1            -1
24         0            0            -1
25         8325            1            -1
26         0            0            -1
27         1627            1            -1
28         0            0            -1
29         6129            1            4
30         1430            1            -1
31         5031            1            22
32         5532            1            -1
33         0            0            -1
34         0            0            -1
35         0            0            -1
36         2436            1            -1
37         0            0            -1
38         2638            1            29
39         2239            1            35
40         940            1            20
41         0            0            -1
42         3942            1            10
43         0            0            -1
44         244            1            -1
45         4545            1            19
46         0            0            -1
47         8847            1            -1
48         448            1            -1
49         6349            1            -1
50         1950            1            23
51         5451            1            8
52         2352            1            -1
53         9553            1            3
54         0            0            -1
55         8455            1            27
56         0            0            -1
57         0            0            -1
58         0            0            -1
59         4059            1            -1
60         0            0            -1
61         0            0            -1
62         0            0            -1
63         263            1            -1
64         0            0            -1
65         265            1            -1
66         0            0            -1
67         1367            1            -1
68         9968            1            15
69         8369            1            38
70         0            0            -1
71         6771            1            -1
72         5272            1            -1
73         0            0            -1
74         7774            1            -1
75         7475            1            -1
76         1076            1            -1
77         0            0            -1
78         6778            1            6
79         9079            1            -1
80         2780            1            16
81         0            0            -1
82         0            0            -1
83         7483            1            0
84         7384            1            18
85         0            0            -1
86         0            0            -1
87         7187            1            -1
88         5988            1            -1
89         0            0            -1
90         0            0            -1
91         0            0            -1
92         0            0            -1
93         0            0            -1
94         1694            1            -1
95         5095            1            31
96         7696            1            26
97         197            1            36
98         0            0            -1
99         6399            1            -1
-------------------------------------------------------------------------------------------------------------------------------------------------Chained Overflow OVERFLOW Array:
Index    Key Value     Count
0         9183            1            -1
1         5810            1            37
2         7503            1            33
3         9453            1            21
4         4329            1            -1
5         6206            1            -1
6         178            1            -1
7         2812            1            12
8         8651            1            -1
9         4319            1            14
10         4242            1            13
11         521            1            -1
12         4912            1            34
13         4942            1            24
14         5619            1            -1
15         3768            1            -1
16         380            1            32
17         3300            1            -1
18         9384            1            -1
19         5445            1            25
20         7540            1            -1
21         8853            1            -1
22         6331            1            -1
23         2150            1            -1
24         2042            1            30
25         7845            1            -1
26         9296            1            -1
27         5655            1            -1
28         9805            1            -1
29         2438            1            -1
30         4142            1            -1
31         6695            1            -1
32         5780            1            -1
33         8703            1            -1
34         7412            1            -1
35         2539            1            -1
36         9797            1            39
37         3510            1            -1
38         2069            1            -1
39         8597            1            -1
40         0            0            -1
41         0            0            -1
42         0            0            -1
43         0            0            -1
44         0            0            -1
45         0            0            -1
46         0            0            -1
47         0            0            -1
48         0            0            -1
49         0            0            -1
50         0            0            -1
51         0            0            -1
52         0            0            -1
53         0            0            -1
54         0            0            -1
55         0            0            -1
56         0            0            -1
57         0            0            -1
58         0            0            -1
59         0            0            -1
60         0            0            -1
61         0            0            -1
62         0            0            -1
63         0            0            -1
64         0            0            -1
65         0            0            -1
66         0            0            -1
67         0            0            -1
68         0            0            -1
69         0            0            -1
70         0            0            -1
71         0            0            -1
72         0            0            -1
73         0            0            -1
74         0            0            -1
75         0            0            -1
76         0            0            -1
77         0            0            -1
78         0            0            -1
79         0            0            -1
80         0            0            -1
81         0            0            -1
82         0            0            -1
83         0            0            -1
84         0            0            -1
85         0            0            -1
86         0            0            -1
87         0            0            -1
88         0            0            -1
89         0            0            -1
90         0            0            -1
91         0            0            -1
92         0            0            -1
93         0            0            -1
94         0            0            -1
95         0            0            -1
96         0            0            -1
97         0            0            -1
98         0            0            -1
99         0            0            -1
