Arrays for Test: random
Chained Overflow Main Array:
Index    Key Value     Count
0         0            0            -1
1         2501            1            -1
2         1802            1            -1
3         8803            1            -1
4         7404            1            -1
5         1205            1            -1
6         2006            1            -1
7         0            0            -1
8         4808            1            -1
9         0            0            -1
10         5210            1            -1
11         0            0            -1
12         5212            1            -1
13         0            0            -1
14         6214            1            -1
15         5315            1            13
16         8316            1            -1
17         0            0            -1
18         6018            1            -1
19         0            0            -1
20         1220            1            -1
21         8421            1            25
22         0            0            -1
23         4123            1            6
24         0            0            -1
25         2525            1            -1
26         0            0            -1
27         5927            1            29
28         328            1            -1
29         1829            1            27
30         1930            1            5
31         5031            1            -1
32         9132            1            19
33         6133            1            2
34         2134            1            3
35         3035            1            -1
36         6736            1            0
37         7737            1            -1
38         0            0            -1
39         0            0            -1
40         5540            1            -1
41         0            0            -1
42         9242            1            -1
43         0            0            -1
44         0            0            -1
45         0            0            -1
46         1346            1            -1
47         2347            1            -1
48         9148            1            24
49         0            0            -1
50         0            0            -1
51         7051            1            -1
52         3952            1            -1
53         0            0            -1
54         3054            1            -1
55         7155            1            15
56         8856            1            -1
57         5657            1            10
58         1358            1            -1
59         0            0            -1
60         1560            1            -1
61         3161            1            -1
62         0            0            -1
63         0            0            -1
64         3764            1            9
65         3665            1            -1
66         5266            1            -1
67         0            0            -1
68         768            1            28
69         0            0            -1
70         0            0            -1
71         6171            1            34
72         0            0            -1
73         0            0            -1
74         7074            1            -1
75         0            0            -1
76         3876            1            22
77         0            0            -1
78         3578            1            14
79         1379            1            -1
80         2680            1            -1
81         2181            1            4
82         282            1            -1
83         0            0            -1
84         0            0            -1
85         5885            1            16
86         7086            1            8
87         0            0            -1
88         2488            1            23
89         889            1            -1
90         1790            1            -1
91         8691            1            -1
92         8192            1            33
93         3393            1            20
94         6194            1            1
95         1295            1            -1
96         0            0            -1
97         0            0            -1
98         0            0            -1
99         199            1            -1
-------------------------------------------------------------------------------------------------------------------------------------------------Chained Overflow OVERFLOW Array:
Index    Key Value     Count
0         1236            1            11
1         9494            1            17
2         33            1            12
3         7034            1            -1
4         1481            1            -1
5         1230            1            -1
6         2223            1            7
7         2623            1            26
8         5386            1            -1
9         2764            1            -1
10         1557            1            -1
11         136            1            -1
12         7833            1            -1
13         2315            1            -1
14         8778            1            -1
15         55            1            -1
16         3985            1            21
17         4494            1            18
18         5794            1            -1
19         2832            1            -1
20         6893            1            -1
21         7785            1            -1
22         1676            1            30
23         388            1            -1
24         5848            1            32
25         6821            1            -1
26         8223            1            -1
27         8729            1            -1
28         4568            1            -1
29         3927            1            -1
30         9776            1            31
31         6776            1            -1
32         1648            1            -1
33         7392            1            -1
34         6071            1            -1
35         0            0            -1
36         0            0            -1
37         0            0            -1
38         0            0            -1
39         0            0            -1
40         0            0            -1
41         0            0            -1
42         0            0            -1
43         0            0            -1
44         0            0            -1
45         0            0            -1
46         0            0            -1
47         0            0            -1
48         0            0            -1
49         0            0            -1
50         0            0            -1
51         0            0            -1
52         0            0            -1
53         0            0            -1
54         0            0            -1
55         0            0            -1
56         0            0            -1
57         0            0            -1
58         0            0            -1
59         0            0            -1
60         0            0            -1
61         0            0            -1
62         0            0            -1
63         0            0            -1
64         0            0            -1
65         0            0            -1
66         0            0            -1
67         0            0            -1
68         0            0            -1
69         0            0            -1
70         0            0            -1
71         0            0            -1
72         0            0            -1
73         0            0            -1
74         0            0            -1
75         0            0            -1
76         0            0            -1
77         0            0            -1
78         0            0            -1
79         0            0            -1
80         0            0            -1
81         0            0            -1
82         0            0            -1
83         0            0            -1
84         0            0            -1
85         0            0            -1
86         0            0            -1
87         0            0            -1
88         0            0            -1
89         0            0            -1
90         0            0            -1
91         0            0            -1
92         0            0            -1
93         0            0            -1
94         0            0            -1
95         0            0            -1
96         0            0            -1
97         0            0            -1
98         0            0            -1
99         0            0            -1
