Arrays for Test: rand
Chained Overflow Main Array:
Index    Key Value     Count
0         2200            1            -1
1         6501            1            -1
2         1802            1            22
3         0            0            -1
4         4104            1            27
5         8805            1            -1
6         3306            1            3
7         8507            1            -1
8         6708            1            -1
9         3709            1            -1
10         5910            1            26
11         0            0            -1
12         7712            1            4
13         3513            1            -1
14         4814            1            33
15         9915            1            -1
16         0            0            -1
17         0            0            -1
18         8718            2            15
19         0            0            -1
20         6420            1            2
21         0            0            -1
22         2622            1            -1
23         0            0            -1
24         0            0            -1
25         125            1            -1
26         1126            1            -1
27         727            1            -1
28         0            0            -1
29         9329            1            -1
30         2230            1            -1
31         0            0            -1
32         0            0            -1
33         2833            1            19
34         4434            1            -1
35         4135            1            23
36         0            0            -1
37         337            1            -1
38         0            0            -1
39         0            0            -1
40         140            1            -1
41         8341            1            9
42         1342            1            14
43         0            0            -1
44         0            0            -1
45         0            0            -1
46         3646            1            -1
47         0            0            -1
48         0            0            -1
49         0            0            -1
50         6150            1            -1
51         5051            1            -1
52         1152            1            11
53         0            0            -1
54         0            0            -1
55         9955            1            36
56         4656            1            12
57         0            0            -1
58         0            0            -1
59         4359            1            -1
60         0            0            -1
61         1561            1            -1
62         562            1            -1
63         2963            1            -1
64         2964            1            7
65         3865            1            29
66         0            0            -1
67         2467            1            30
68         4568            1            24
69         9869            1            1
70         7570            1            -1
71         0            0            -1
72         0            0            -1
73         3173            1            31
74         0            0            -1
75         4875            1            -1
76         3176            1            -1
77         777            1            -1
78         7878            1            -1
79         9779            1            -1
80         8280            1            34
81         5181            1            -1
82         0            0            -1
83         0            0            -1
84         0            0            -1
85         7785            1            -1
86         0            0            -1
87         5887            1            5
88         0            0            -1
89         0            0            -1
90         0            0            -1
91         0            0            -1
92         5192            1            0
93         0            0            -1
94         5294            1            17
95         4895            1            6
96         7296            1            10
97         1797            1            21
98         3198            1            28
99         3199            1            -1
-------------------------------------------------------------------------------------------------------------------------------------------------Chained Overflow OVERFLOW Array:
Index    Key Value     Count
0         1492            1            18
1         1169            1            -1
2         4820            1            -1
3         3706            1            -1
4         9212            1            8
5         6387            1            -1
6         995            1            -1
7         364            1            20
8         9412            1            -1
9         9241            1            -1
10         9996            1            16
11         3652            1            13
12         9156            1            -1
13         8052            1            -1
14         8042            1            -1
15         2118            1            -1
16         896            1            -1
17         2894            1            -1
18         4092            1            35
19         2233            1            -1
20         5764            1            32
21         5797            1            -1
22         2602            1            25
23         3035            1            -1
24         2168            1            -1
25         2102            1            -1
26         6110            1            -1
27         9004            1            -1
28         4098            1            -1
29         3065            1            -1
30         267            1            -1
31         473            1            -1
32         3964            1            -1
33         1714            1            -1
34         9180            1            -1
35         3292            1            -1
36         4655            1            -1
37         0            0            -1
38         0            0            -1
39         0            0            -1
40         0            0            -1
41         0            0            -1
42         0            0            -1
43         0            0            -1
44         0            0            -1
45         0            0            -1
46         0            0            -1
47         0            0            -1
48         0            0            -1
49         0            0            -1
50         0            0            -1
51         0            0            -1
52         0            0            -1
53         0            0            -1
54         0            0            -1
55         0            0            -1
56         0            0            -1
57         0            0            -1
58         0            0            -1
59         0            0            -1
60         0            0            -1
61         0            0            -1
62         0            0            -1
63         0            0            -1
64         0            0            -1
65         0            0            -1
66         0            0            -1
67         0            0            -1
68         0            0            -1
69         0            0            -1
70         0            0            -1
71         0            0            -1
72         0            0            -1
73         0            0            -1
74         0            0            -1
75         0            0            -1
76         0            0            -1
77         0            0            -1
78         0            0            -1
79         0            0            -1
80         0            0            -1
81         0            0            -1
82         0            0            -1
83         0            0            -1
84         0            0            -1
85         0            0            -1
86         0            0            -1
87         0            0            -1
88         0            0            -1
89         0            0            -1
90         0            0            -1
91         0            0            -1
92         0            0            -1
93         0            0            -1
94         0            0            -1
95         0            0            -1
96         0            0            -1
97         0            0            -1
98         0            0            -1
99         0            0            -1
